1,3
2,7
3,1
4,6
5,6
6,6
7,3
8,2
9,2
10,7
11,3
12,1
13,4
14,1
15,1
16,3
17,3
18,1
19,1
20,5
21,3
22,2
23,1
24,4
25,3
26,1
27,1
28,1
29,7
30,1
31,1
32,7
33,3
34,4
35,1
36,3
37,4
38,5
39,2
40,3
41,3
42,3
43,7
44,3
45,5
46,5
47,7
48,3
49,5
50,3
51,3
52,7
53,2
54,7
55,7
56,7
57,4
58,2
59,3
60,2
61,2
62,3
63,3
64,7
65,7
66,3
67,6
68,4
69,1
70,1
71,3
72,2
73,1
74,6
75,6
76,6
77,6
78,7
79,5
80,2
81,7
82,2
83,3
84,1
85,5
86,1
87,3
88,3
89,7
90,2
91,1
92,6
93,2
94,6
95,4
96,2
97,7
98,4
99,6
100,1
101,2
102,1
103,1
104,2
105,6
106,2
107,2
108,3
109,4
110,6
111,4
112,6
113,1
114,1
115,3
116,3
117,1
118,4
119,2
120,4
121,5
122,2
123,2
124,1
125,1
126,4
127,4
128,6
129,5
130,2
131,2
132,5
133,5
134,5
135,4
136,7
137,4
138,2
139,6
140,4
141,2
142,4
143,6
144,2
145,2
146,6
147,5
148,5
149,7
150,7
151,4
152,1
153,2
154,6
155,4
156,4
157,4
158,1
159,5
160,7
161,4
162,4
163,6
164,7
165,7
166,6
167,7
168,6
169,5
170,5
171,7
172,5
173,4
174,6
175,4
176,4
177,6
178,5
179,5
180,7
181,6
182,5
183,3
184,2
185,6
186,5
187,6
188,3
189,4
190,6
191,7
192,7
193,7
194,6
195,4
196,7
197,5
198,7
199,5
200,4
201,2
202,6
203,5
204,1
205,3
